0,00000000000;-0,012000
0,00000000200;-0,012000
0,00000000400;-0,012000
0,00000000600;-0,012000
0,00000000800;-0,012000
0,00000001000;-0,012000
0,00000001200;-0,012000
0,00000001400;-0,012000
0,00000001600;0,012000
0,00000001800;0,012000
0,00000002000;-0,012000
0,00000002200;-0,012000
0,00000002400;-0,012000
0,00000002600;-0,012000
0,00000002800;-0,000000
0,00000003000;-0,000000
0,00000003200;-0,000000
0,00000003400;-0,000000
0,00000003600;-0,012000
0,00000003800;-0,012000
0,00000004000;-0,000000
0,00000004200;-0,000000
0,00000004400;-0,000000
0,00000004600;-0,000000
0,00000004800;-0,000000
0,00000005000;-0,000000
0,00000005200;-0,000000
0,00000005400;-0,000000
0,00000005600;-0,000000
0,00000005800;-0,000000
0,00000006000;0,012000
0,00000006200;0,012000
0,00000006400;0,012000
0,00000006600;0,012000
0,00000006800;-0,000000
0,00000007000;-0,000000
0,00000007200;-0,024000
0,00000007400;-0,024000
0,00000007600;-0,012000
0,00000007800;-0,012000
0,00000008000;-0,012000
0,00000008200;-0,012000
0,00000008400;-0,012000
0,00000008600;-0,012000
0,00000008800;-0,012000
0,00000009000;-0,012000
0,00000009200;-0,012000
0,00000009400;-0,012000
0,00000009600;-0,012000
0,00000009800;-0,012000
0,00000010000;-0,012000
0,00000010200;-0,012000
0,00000010400;-0,024000
0,00000010600;-0,024000
0,00000010800;0,012000
0,00000011000;0,012000
0,00000011200;-0,012000
0,00000011400;-0,012000
0,00000011600;-0,012000
0,00000011800;-0,012000
0,00000012000;-0,000000
0,00000012200;-0,000000
0,00000012400;-0,012000
0,00000012600;-0,012000
0,00000012800;-0,012000
0,00000013000;-0,012000
0,00000013200;-0,012000
0,00000013400;-0,012000
0,00000013600;-0,000000
0,00000013800;-0,000000
0,00000014000;-0,000000
0,00000014200;-0,000000
0,00000014400;-0,000000
0,00000014600;-0,000000
0,00000014800;-0,000000
0,00000015000;-0,000000
0,00000015200;-0,012000
0,00000015400;-0,012000
0,00000015600;0,012000
0,00000015800;0,012000
0,00000016000;-0,000000
0,00000016200;-0,000000
0,00000016400;0,012000
0,00000016600;0,012000
0,00000016800;-0,012000
0,00000017000;-0,012000
0,00000017200;-0,012000
0,00000017400;-0,012000
0,00000017600;-0,012000
0,00000017800;-0,012000
0,00000018000;-0,012000
0,00000018200;-0,012000
0,00000018400;-0,000000
0,00000018600;-0,000000
0,00000018800;-0,000000
0,00000019000;-0,000000
0,00000019200;-0,012000
0,00000019400;-0,012000
0,00000019600;0,012000
0,00000019800;0,012000
0,00000020000;-0,000000
0,00000020200;-0,000000
0,00000020400;-0,000000
0,00000020600;-0,000000
0,00000020800;-0,000000
0,00000021000;-0,000000
0,00000021200;-0,012000
0,00000021400;-0,012000
0,00000021600;-0,012000
0,00000021800;-0,012000
0,00000022000;-0,000000
0,00000022200;-0,000000
0,00000022400;-0,012000
0,00000022600;-0,012000
0,00000022800;-0,012000
0,00000023000;-0,012000
0,00000023200;-0,012000
0,00000023400;-0,012000
0,00000023600;-0,012000
0,00000023800;-0,012000
0,00000024000;-0,012000
0,00000024200;-0,012000
0,00000024400;0,012000
0,00000024600;0,012000
0,00000024800;0,036000
0,00000025000;0,036000
0,00000025200;0,120000
0,00000025400;0,120000
0,00000025600;0,288000
0,00000025800;0,288000
0,00000026000;0,516000
0,00000026200;0,516000
0,00000026400;0,780000
0,00000026600;0,780000
0,00000026800;1,032000
0,00000027000;1,032000
0,00000027200;1,248000
0,00000027400;1,248000
0,00000027600;1,392000
0,00000027800;1,392000
0,00000028000;1,476000
0,00000028200;1,476000
0,00000028400;1,536000
0,00000028600;1,536000
0,00000028800;1,572000
0,00000029000;1,572000
0,00000029200;1,560000
0,00000029400;1,560000
0,00000029600;1,584000
0,00000029800;1,584000
0,00000030000;1,572000
0,00000030200;1,572000
0,00000030400;1,584000
0,00000030600;1,584000
0,00000030800;1,560000
0,00000031000;1,560000
0,00000031200;1,572000
0,00000031400;1,572000
0,00000031600;1,548000
0,00000031800;1,548000
0,00000032000;1,548000
0,00000032200;1,548000
0,00000032400;1,524000
0,00000032600;1,524000
0,00000032800;1,512000
0,00000033000;1,512000
0,00000033200;1,476000
0,00000033400;1,476000
0,00000033600;1,464000
0,00000033800;1,464000
0,00000034000;1,452000
0,00000034200;1,452000
0,00000034400;1,464000
0,00000034600;1,464000
0,00000034800;1,416000
0,00000035000;1,416000
0,00000035200;1,404000
0,00000035400;1,404000
0,00000035600;1,392000
0,00000035800;1,392000
0,00000036000;1,368000
0,00000036200;1,368000
0,00000036400;1,344000
0,00000036600;1,344000
0,00000036800;1,332000
0,00000037000;1,332000
0,00000037200;1,320000
0,00000037400;1,320000
0,00000037600;1,332000
0,00000037800;1,332000
0,00000038000;1,308000
0,00000038200;1,308000
0,00000038400;1,284000
0,00000038600;1,284000
0,00000038800;1,248000
0,00000039000;1,248000
0,00000039200;1,236000
0,00000039400;1,236000
0,00000039600;1,212000
0,00000039800;1,212000
0,00000040000;1,200000
0,00000040200;1,200000
0,00000040400;1,188000
0,00000040600;1,188000
0,00000040800;1,164000
0,00000041000;1,164000
0,00000041200;1,152000
0,00000041400;1,152000
0,00000041600;1,140000
0,00000041800;1,140000
0,00000042000;1,116000
0,00000042200;1,116000
0,00000042400;1,116000
0,00000042600;1,116000
0,00000042800;1,080000
0,00000043000;1,080000
0,00000043200;1,068000
0,00000043400;1,068000
0,00000043600;1,056000
0,00000043800;1,056000
0,00000044000;1,044000
0,00000044200;1,044000
0,00000044400;1,032000
0,00000044600;1,032000
0,00000044800;0,996000
0,00000045000;0,996000
0,00000045200;0,984000
0,00000045400;0,984000
0,00000045600;0,984000
0,00000045800;0,984000
0,00000046000;0,948000
0,00000046200;0,948000
0,00000046400;0,960000
0,00000046600;0,960000
0,00000046800;0,924000
0,00000047000;0,924000
0,00000047200;0,936000
0,00000047400;0,936000
0,00000047600;0,912000
0,00000047800;0,912000
0,00000048000;0,900000
0,00000048200;0,900000
0,00000048400;0,876000
0,00000048600;0,876000
0,00000048800;0,864000
0,00000049000;0,864000
0,00000049200;0,852000
0,00000049400;0,852000
0,00000049600;0,840000
0,00000049800;0,840000
0,00000050000;0,816000
0,00000050200;0,816000
0,00000050400;0,816000
0,00000050600;0,816000
0,00000050800;0,804000
0,00000051000;0,804000
0,00000051200;0,792000
0,00000051400;0,792000
0,00000051600;0,768000
0,00000051800;0,768000
0,00000052000;0,756000
0,00000052200;0,756000
0,00000052400;0,732000
0,00000052600;0,732000
0,00000052800;0,732000
0,00000053000;0,732000
0,00000053200;0,720000
0,00000053400;0,720000
0,00000053600;0,720000
0,00000053800;0,720000
0,00000054000;0,708000
0,00000054200;0,708000
0,00000054400;0,696000
0,00000054600;0,696000
0,00000054800;0,660000
0,00000055000;0,660000
0,00000055200;0,660000
0,00000055400;0,660000
0,00000055600;0,648000
0,00000055800;0,648000
0,00000056000;0,648000
0,00000056200;0,648000
0,00000056400;0,636000
0,00000056600;0,636000
0,00000056800;0,624000
0,00000057000;0,624000
0,00000057200;0,624000
0,00000057400;0,624000
0,00000057600;0,612000
0,00000057800;0,612000
0,00000058000;0,600000
0,00000058200;0,600000
0,00000058400;0,588000
0,00000058600;0,588000
0,00000058800;0,576000
0,00000059000;0,576000
0,00000059200;0,588000
0,00000059400;0,588000
0,00000059600;0,576000
0,00000059800;0,576000
0,00000060000;0,576000
0,00000060200;0,576000
0,00000060400;0,552000
0,00000060600;0,552000
0,00000060800;0,540000
0,00000061000;0,540000
0,00000061200;0,540000
0,00000061400;0,540000
0,00000061600;0,528000
0,00000061800;0,528000
0,00000062000;0,516000
0,00000062200;0,516000
0,00000062400;0,528000
0,00000062600;0,528000
0,00000062800;0,516000
0,00000063000;0,516000
0,00000063200;0,516000
0,00000063400;0,516000
0,00000063600;0,492000
0,00000063800;0,492000
0,00000064000;0,504000
0,00000064200;0,504000
0,00000064400;0,492000
0,00000064600;0,492000
0,00000064800;0,468000
0,00000065000;0,468000
0,00000065200;0,468000
0,00000065400;0,468000
0,00000065600;0,468000
0,00000065800;0,468000
0,00000066000;0,444000
0,00000066200;0,444000
0,00000066400;0,444000
0,00000066600;0,444000
0,00000066800;0,444000
0,00000067000;0,444000
0,00000067200;0,432000
0,00000067400;0,432000
0,00000067600;0,420000
0,00000067800;0,420000
0,00000068000;0,432000
0,00000068200;0,432000
0,00000068400;0,420000
0,00000068600;0,420000
0,00000068800;0,408000
0,00000069000;0,408000
0,00000069200;0,408000
0,00000069400;0,408000
0,00000069600;0,408000
0,00000069800;0,408000
0,00000070000;0,396000
0,00000070200;0,396000
0,00000070400;0,396000
0,00000070600;0,396000
0,00000070800;0,384000
0,00000071000;0,384000
0,00000071200;0,372000
0,00000071400;0,372000
0,00000071600;0,372000
0,00000071800;0,372000
0,00000072000;0,372000
0,00000072200;0,372000
0,00000072400;0,360000
0,00000072600;0,360000
0,00000072800;0,360000
0,00000073000;0,360000
0,00000073200;0,348000
0,00000073400;0,348000
0,00000073600;0,360000
0,00000073800;0,360000
0,00000074000;0,348000
0,00000074200;0,348000
0,00000074400;0,324000
0,00000074600;0,324000
0,00000074800;0,312000
0,00000075000;0,312000
0,00000075200;0,312000
0,00000075400;0,312000
0,00000075600;0,300000
0,00000075800;0,300000
0,00000076000;0,300000
0,00000076200;0,300000
0,00000076400;0,300000
0,00000076600;0,300000
0,00000076800;0,288000
0,00000077000;0,288000
0,00000077200;0,288000
0,00000077400;0,288000
0,00000077600;0,276000
0,00000077800;0,276000
0,00000078000;0,264000
0,00000078200;0,264000
0,00000078400;0,276000
0,00000078600;0,276000
0,00000078800;0,252000
0,00000079000;0,252000
0,00000079200;0,240000
0,00000079400;0,240000
0,00000079600;0,264000
0,00000079800;0,264000
0,00000080000;0,252000
0,00000080200;0,252000
0,00000080400;0,240000
0,00000080600;0,240000
0,00000080800;0,216000
0,00000081000;0,216000
0,00000081200;0,216000
0,00000081400;0,216000
0,00000081600;0,216000
0,00000081800;0,216000
0,00000082000;0,216000
0,00000082200;0,216000
0,00000082400;0,216000
0,00000082600;0,216000
0,00000082800;0,204000
0,00000083000;0,204000
0,00000083200;0,192000
0,00000083400;0,192000
0,00000083600;0,192000
0,00000083800;0,192000
0,00000084000;0,180000
0,00000084200;0,180000
0,00000084400;0,180000
0,00000084600;0,180000
0,00000084800;0,180000
0,00000085000;0,180000
0,00000085200;0,180000
0,00000085400;0,180000
0,00000085600;0,168000
0,00000085800;0,168000
0,00000086000;0,168000
0,00000086200;0,168000
0,00000086400;0,156000
0,00000086600;0,156000
0,00000086800;0,156000
0,00000087000;0,156000
0,00000087200;0,144000
0,00000087400;0,144000
0,00000087600;0,144000
0,00000087800;0,144000
0,00000088000;0,144000
0,00000088200;0,144000
0,00000088400;0,132000
0,00000088600;0,132000
0,00000088800;0,144000
0,00000089000;0,144000
0,00000089200;0,144000
0,00000089400;0,144000
0,00000089600;0,132000
0,00000089800;0,132000
0,00000090000;0,120000
0,00000090200;0,120000
0,00000090400;0,096000
0,00000090600;0,096000
0,00000090800;0,120000
0,00000091000;0,120000
0,00000091200;0,108000
0,00000091400;0,108000
0,00000091600;0,120000
0,00000091800;0,120000
0,00000092000;0,120000
0,00000092200;0,120000
0,00000092400;0,120000
0,00000092600;0,120000
0,00000092800;0,108000
0,00000093000;0,108000
0,00000093200;0,096000
0,00000093400;0,096000
0,00000093600;0,084000
0,00000093800;0,084000
0,00000094000;0,096000
0,00000094200;0,096000
0,00000094400;0,096000
0,00000094600;0,096000
0,00000094800;0,084000
0,00000095000;0,084000
0,00000095200;0,096000
0,00000095400;0,096000
0,00000095600;0,084000
0,00000095800;0,084000
0,00000096000;0,084000
0,00000096200;0,084000
0,00000096400;0,072000
0,00000096600;0,072000
0,00000096800;0,072000
0,00000097000;0,072000
0,00000097200;0,060000
0,00000097400;0,060000
0,00000097600;0,084000
0,00000097800;0,084000
0,00000098000;0,072000
0,00000098200;0,072000
0,00000098400;0,072000
0,00000098600;0,072000
0,00000098800;0,072000
0,00000099000;0,072000
0,00000099200;0,060000
0,00000099400;0,060000
0,00000099600;0,060000
0,00000099800;0,060000
0,00000100000;0,060000
0,00000100200;0,060000
0,00000100400;0,060000
0,00000100600;0,060000
0,00000100800;0,060000
0,00000101000;0,060000
0,00000101200;0,060000
0,00000101400;0,060000
0,00000101600;0,060000
0,00000101800;0,060000
0,00000102000;0,060000
0,00000102200;0,060000
0,00000102400;0,060000
0,00000102600;0,060000
0,00000102800;0,060000
0,00000103000;0,060000
0,00000103200;0,048000
0,00000103400;0,048000
0,00000103600;0,048000
0,00000103800;0,048000
0,00000104000;0,048000
0,00000104200;0,048000
0,00000104400;0,036000
0,00000104600;0,036000
0,00000104800;0,036000
0,00000105000;0,036000
0,00000105200;0,048000
0,00000105400;0,048000
0,00000105600;0,048000
0,00000105800;0,048000
0,00000106000;0,024000
0,00000106200;0,024000
0,00000106400;0,036000
0,00000106600;0,036000
0,00000106800;0,036000
0,00000107000;0,036000
0,00000107200;0,048000
0,00000107400;0,048000
0,00000107600;0,036000
0,00000107800;0,036000
0,00000108000;0,036000
0,00000108200;0,036000
0,00000108400;0,036000
0,00000108600;0,036000
0,00000108800;0,036000
0,00000109000;0,036000
0,00000109200;0,036000
0,00000109400;0,036000
0,00000109600;0,036000
0,00000109800;0,036000
0,00000110000;0,024000
0,00000110200;0,024000
0,00000110400;0,036000
0,00000110600;0,036000
0,00000110800;0,012000
0,00000111000;0,012000
0,00000111200;0,036000
0,00000111400;0,036000
0,00000111600;0,036000
0,00000111800;0,036000
0,00000112000;0,024000
0,00000112200;0,024000
0,00000112400;0,036000
0,00000112600;0,036000
0,00000112800;0,012000
0,00000113000;0,012000
0,00000113200;0,024000
0,00000113400;0,024000
0,00000113600;0,036000
0,00000113800;0,036000
0,00000114000;0,012000
0,00000114200;0,012000
0,00000114400;0,024000
0,00000114600;0,024000
0,00000114800;0,024000
0,00000115000;0,024000
0,00000115200;0,012000
0,00000115400;0,012000
0,00000115600;0,012000
0,00000115800;0,012000
0,00000116000;-0,000000
0,00000116200;-0,000000
0,00000116400;0,012000
0,00000116600;0,012000
0,00000116800;0,012000
0,00000117000;0,012000
0,00000117200;0,024000
0,00000117400;0,024000
0,00000117600;0,024000
0,00000117800;0,024000
0,00000118000;0,012000
0,00000118200;0,012000
0,00000118400;0,012000
0,00000118600;0,012000
0,00000118800;0,024000
0,00000119000;0,024000
0,00000119200;-0,000000
0,00000119400;-0,000000
0,00000119600;-0,000000
0,00000119800;-0,000000
0,00000120000;0,012000
0,00000120200;0,012000
0,00000120400;0,024000
0,00000120600;0,024000
0,00000120800;0,012000
0,00000121000;0,012000
0,00000121200;0,036000
0,00000121400;0,036000
0,00000121600;0,012000
0,00000121800;0,012000
0,00000122000;0,012000
0,00000122200;0,012000
0,00000122400;-0,000000
0,00000122600;-0,000000
0,00000122800;0,024000
0,00000123000;0,024000
0,00000123200;0,024000
0,00000123400;0,024000
0,00000123600;-0,000000
0,00000123800;-0,000000
0,00000124000;0,024000
0,00000124200;0,024000
0,00000124400;0,024000
0,00000124600;0,024000
0,00000124800;0,012000
0,00000125000;0,012000
0,00000125200;0,012000
0,00000125400;0,012000
0,00000125600;0,012000
0,00000125800;0,012000
0,00000126000;-0,000000
0,00000126200;-0,000000
0,00000126400;0,024000
0,00000126600;0,024000
0,00000126800;-0,000000
0,00000127000;-0,000000
0,00000127200;-0,000000
0,00000127400;-0,000000
0,00000127600;0,012000
0,00000127800;0,012000
0,00000128000;0,012000
0,00000128200;0,012000
0,00000128400;-0,000000
0,00000128600;-0,000000
0,00000128800;-0,012000
0,00000129000;-0,012000
0,00000129200;0,012000
0,00000129400;0,012000
0,00000129600;0,024000
0,00000129800;0,024000
0,00000130000;0,012000
0,00000130200;0,012000
0,00000130400;0,024000
0,00000130600;0,024000
0,00000130800;0,012000
0,00000131000;0,012000
0,00000131200;-0,000000
0,00000131400;-0,000000
0,00000131600;-0,000000
0,00000131800;-0,000000
0,00000132000;0,012000
0,00000132200;0,012000
0,00000132400;-0,000000
0,00000132600;-0,000000
0,00000132800;-0,000000
0,00000133000;-0,000000
0,00000133200;0,012000
0,00000133400;0,012000
0,00000133600;0,012000
0,00000133800;0,012000
0,00000134000;0,012000
0,00000134200;0,012000
0,00000134400;0,012000
0,00000134600;0,012000
0,00000134800;0,012000
0,00000135000;0,012000
0,00000135200;-0,000000
0,00000135400;-0,000000
0,00000135600;0,012000
0,00000135800;0,012000
0,00000136000;-0,012000
0,00000136200;-0,012000
0,00000136400;-0,012000
0,00000136600;-0,012000
0,00000136800;-0,012000
0,00000137000;-0,012000
0,00000137200;-0,000000
0,00000137400;-0,000000
0,00000137600;-0,000000
0,00000137800;-0,000000
0,00000138000;-0,000000
0,00000138200;-0,000000
0,00000138400;-0,000000
0,00000138600;-0,000000
0,00000138800;-0,012000
0,00000139000;-0,012000
0,00000139200;-0,012000
0,00000139400;-0,012000
0,00000139600;-0,012000
0,00000139800;-0,012000
0,00000140000;-0,000000
0,00000140200;-0,000000
0,00000140400;-0,000000
0,00000140600;-0,000000
0,00000140800;-0,000000
0,00000141000;-0,000000
0,00000141200;-0,012000
0,00000141400;-0,012000
0,00000141600;-0,012000
0,00000141800;-0,012000
0,00000142000;-0,000000
0,00000142200;-0,000000
0,00000142400;-0,000000
0,00000142600;-0,000000
0,00000142800;-0,012000
0,00000143000;-0,012000
0,00000143200;0,012000
0,00000143400;0,012000
0,00000143600;0,024000
0,00000143800;0,024000
0,00000144000;-0,000000
0,00000144200;-0,000000
0,00000144400;0,012000
0,00000144600;0,012000
0,00000144800;-0,012000
0,00000145000;-0,012000
0,00000145200;-0,012000
0,00000145400;-0,012000
0,00000145600;-0,000000
0,00000145800;-0,000000
0,00000146000;-0,012000
0,00000146200;-0,012000
0,00000146400;-0,000000
0,00000146600;-0,000000
0,00000146800;0,012000
0,00000147000;0,012000
0,00000147200;-0,012000
0,00000147400;-0,012000
0,00000147600;0,012000
0,00000147800;0,012000
0,00000148000;-0,012000
0,00000148200;-0,012000
0,00000148400;0,012000
0,00000148600;0,012000
0,00000148800;-0,000000
0,00000149000;-0,000000
0,00000149200;-0,012000
0,00000149400;-0,012000
0,00000149600;0,012000
0,00000149800;0,012000
0,00000150000;-0,000000
0,00000150200;-0,000000
0,00000150400;-0,012000
0,00000150600;-0,012000
0,00000150800;-0,012000
0,00000151000;-0,012000
0,00000151200;-0,000000
0,00000151400;-0,000000
0,00000151600;-0,000000
0,00000151800;-0,000000
0,00000152000;-0,000000
0,00000152200;-0,000000
0,00000152400;-0,000000
0,00000152600;-0,000000
0,00000152800;-0,012000
0,00000153000;-0,012000
0,00000153200;0,012000
0,00000153400;0,012000
0,00000153600;-0,000000
0,00000153800;-0,000000
0,00000154000;-0,012000
0,00000154200;-0,012000
0,00000154400;-0,000000
0,00000154600;-0,000000
0,00000154800;-0,012000
0,00000155000;-0,012000
0,00000155200;-0,012000
0,00000155400;-0,012000
0,00000155600;-0,000000
0,00000155800;-0,000000
0,00000156000;-0,012000
0,00000156200;-0,012000
0,00000156400;-0,000000
0,00000156600;-0,000000
0,00000156800;-0,000000
0,00000157000;-0,000000
0,00000157200;-0,012000
0,00000157400;-0,012000
0,00000157600;-0,012000
0,00000157800;-0,012000
0,00000158000;-0,012000
0,00000158200;-0,012000
0,00000158400;-0,012000
0,00000158600;-0,012000
0,00000158800;-0,012000
0,00000159000;-0,012000
0,00000159200;-0,012000
0,00000159400;-0,012000
0,00000159600;-0,000000
0,00000159800;-0,000000
0,00000160000;-0,012000
0,00000160200;-0,012000
0,00000160400;-0,012000
0,00000160600;-0,012000
0,00000160800;-0,012000
0,00000161000;-0,012000
0,00000161200;-0,012000
0,00000161400;-0,012000
0,00000161600;-0,000000
0,00000161800;-0,000000
0,00000162000;-0,012000
0,00000162200;-0,012000
0,00000162400;-0,000000
0,00000162600;-0,000000
0,00000162800;-0,000000
0,00000163000;-0,000000
0,00000163200;-0,012000
0,00000163400;-0,012000
0,00000163600;-0,000000
0,00000163800;-0,000000
0,00000164000;-0,012000
0,00000164200;-0,012000
0,00000164400;-0,012000
0,00000164600;-0,012000
0,00000164800;-0,012000
0,00000165000;-0,012000
0,00000165200;-0,012000
0,00000165400;-0,012000
0,00000165600;-0,012000
0,00000165800;-0,012000
0,00000166000;-0,012000
0,00000166200;-0,012000
0,00000166400;-0,012000
0,00000166600;-0,012000
0,00000166800;-0,012000
0,00000167000;-0,012000
0,00000167200;-0,024000
0,00000167400;-0,024000
0,00000167600;-0,000000
0,00000167800;-0,000000
0,00000168000;-0,012000
0,00000168200;-0,012000
0,00000168400;-0,012000
0,00000168600;-0,012000
0,00000168800;-0,012000
0,00000169000;-0,012000
0,00000169200;-0,012000
0,00000169400;-0,012000
0,00000169600;-0,012000
0,00000169800;-0,012000
0,00000170000;-0,012000
0,00000170200;-0,012000
0,00000170400;-0,036000
0,00000170600;-0,036000
0,00000170800;-0,000000
0,00000171000;-0,000000
0,00000171200;-0,012000
0,00000171400;-0,012000
0,00000171600;-0,000000
0,00000171800;-0,000000
0,00000172000;-0,000000
0,00000172200;-0,000000
0,00000172400;-0,000000
0,00000172600;-0,000000
0,00000172800;-0,012000
0,00000173000;-0,012000
0,00000173200;-0,000000
0,00000173400;-0,000000
0,00000173600;-0,024000
0,00000173800;-0,024000
0,00000174000;-0,012000
0,00000174200;-0,012000
0,00000174400;-0,012000
0,00000174600;-0,012000
0,00000174800;-0,000000
0,00000175000;-0,000000
0,00000175200;-0,000000
0,00000175400;-0,000000
0,00000175600;-0,000000
0,00000175800;-0,000000
0,00000176000;-0,012000
0,00000176200;-0,012000
0,00000176400;-0,012000
0,00000176600;-0,012000
0,00000176800;-0,012000
0,00000177000;-0,012000
0,00000177200;-0,012000
0,00000177400;-0,012000
0,00000177600;-0,012000
0,00000177800;-0,012000
0,00000178000;-0,024000
0,00000178200;-0,024000
0,00000178400;-0,000000
0,00000178600;-0,000000
0,00000178800;-0,000000
0,00000179000;-0,000000
0,00000179200;-0,000000
0,00000179400;-0,000000
0,00000179600;-0,000000
0,00000179800;-0,000000
0,00000180000;-0,012000
0,00000180200;-0,012000
0,00000180400;-0,012000
0,00000180600;-0,012000
0,00000180800;-0,012000
0,00000181000;-0,012000
0,00000181200;-0,012000
0,00000181400;-0,012000
0,00000181600;-0,012000
0,00000181800;-0,012000
0,00000182000;-0,012000
0,00000182200;-0,012000
0,00000182400;-0,012000
0,00000182600;-0,012000
0,00000182800;-0,012000
0,00000183000;-0,012000
0,00000183200;-0,012000
0,00000183400;-0,012000
0,00000183600;-0,012000
0,00000183800;-0,012000
0,00000184000;-0,000000
0,00000184200;-0,000000
0,00000184400;-0,000000
0,00000184600;-0,000000
0,00000184800;-0,012000
0,00000185000;-0,012000
0,00000185200;0,012000
0,00000185400;0,012000
0,00000185600;-0,000000
0,00000185800;-0,000000
0,00000186000;-0,012000
0,00000186200;-0,012000
0,00000186400;-0,012000
0,00000186600;-0,012000
0,00000186800;-0,024000
0,00000187000;-0,024000
0,00000187200;-0,012000
0,00000187400;-0,012000
0,00000187600;-0,000000
0,00000187800;-0,000000
0,00000188000;-0,012000
0,00000188200;-0,012000
0,00000188400;-0,012000
0,00000188600;-0,012000
0,00000188800;-0,012000
0,00000189000;-0,012000
0,00000189200;-0,012000
0,00000189400;-0,012000
0,00000189600;-0,012000
0,00000189800;-0,012000
0,00000190000;-0,012000
0,00000190200;-0,012000
0,00000190400;-0,012000
0,00000190600;-0,012000
0,00000190800;-0,012000
0,00000191000;-0,012000
0,00000191200;-0,012000
0,00000191400;-0,012000
0,00000191600;0,012000
0,00000191800;0,012000
0,00000192000;-0,012000
0,00000192200;-0,012000
0,00000192400;-0,012000
0,00000192600;-0,012000
0,00000192800;-0,000000
0,00000193000;-0,000000
0,00000193200;-0,012000
0,00000193400;-0,012000
0,00000193600;-0,012000
0,00000193800;-0,012000
0,00000194000;-0,012000
0,00000194200;-0,012000
0,00000194400;-0,012000
0,00000194600;-0,012000
0,00000194800;-0,012000
0,00000195000;-0,012000
0,00000195200;-0,012000
0,00000195400;-0,012000
0,00000195600;-0,012000
0,00000195800;-0,012000
0,00000196000;-0,012000
0,00000196200;-0,012000
0,00000196400;-0,012000
0,00000196600;-0,012000
0,00000196800;-0,012000
0,00000197000;-0,012000
0,00000197200;-0,012000
0,00000197400;-0,012000
0,00000197600;-0,000000
0,00000197800;-0,000000
0,00000198000;-0,012000
0,00000198200;-0,012000
0,00000198400;-0,012000
0,00000198600;-0,012000
0,00000198800;-0,012000
0,00000199000;-0,012000
0,00000199200;-0,012000
0,00000199400;-0,012000
0,00000199600;-0,012000
0,00000199800;-0,012000
0,00000200000;-0,000000
0,00000200200;-0,000000
0,00000200400;-0,024000
0,00000200600;-0,024000
0,00000200800;-0,000000
0,00000201000;-0,000000
0,00000201200;-0,012000
0,00000201400;-0,012000
0,00000201600;0,012000
0,00000201800;0,012000
0,00000202000;-0,012000
0,00000202200;-0,012000
0,00000202400;-0,012000
0,00000202600;-0,012000
0,00000202800;-0,012000
0,00000203000;-0,012000
0,00000203200;-0,000000
0,00000203400;-0,000000
0,00000203600;-0,012000
0,00000203800;-0,012000
0,00000204000;-0,012000
0,00000204200;-0,012000
0,00000204400;-0,012000
0,00000204600;-0,012000
0,00000204800;-0,012000
0,00000205000;-0,012000
0,00000205200;-0,012000
0,00000205400;-0,012000
0,00000205600;-0,012000
0,00000205800;-0,012000
0,00000206000;-0,012000
0,00000206200;-0,012000
0,00000206400;-0,012000
0,00000206600;-0,012000
0,00000206800;-0,012000
0,00000207000;-0,012000
0,00000207200;-0,012000
0,00000207400;-0,012000
0,00000207600;0,012000
0,00000207800;0,012000
0,00000208000;-0,000000
0,00000208200;-0,000000
0,00000208400;-0,012000
0,00000208600;-0,012000
0,00000208800;-0,024000
0,00000209000;-0,024000
0,00000209200;-0,012000
0,00000209400;-0,012000
0,00000209600;-0,012000
0,00000209800;-0,012000
0,00000210000;-0,012000
0,00000210200;-0,012000
0,00000210400;-0,012000
0,00000210600;-0,012000
0,00000210800;-0,012000
0,00000211000;-0,012000
0,00000211200;-0,000000
0,00000211400;-0,000000
0,00000211600;-0,000000
0,00000211800;-0,000000
0,00000212000;-0,012000
0,00000212200;-0,012000
0,00000212400;-0,012000
0,00000212600;-0,012000
0,00000212800;-0,012000
0,00000213000;-0,012000
0,00000213200;-0,012000
0,00000213400;-0,012000
0,00000213600;-0,000000
0,00000213800;-0,000000
0,00000214000;0,012000
0,00000214200;0,012000
0,00000214400;-0,012000
0,00000214600;-0,012000
0,00000214800;-0,012000
0,00000215000;-0,012000
0,00000215200;-0,012000
0,00000215400;-0,012000
0,00000215600;-0,000000
0,00000215800;-0,000000
0,00000216000;-0,012000
0,00000216200;-0,012000
0,00000216400;-0,012000
0,00000216600;-0,012000
0,00000216800;-0,000000
0,00000217000;-0,000000
0,00000217200;0,012000
0,00000217400;0,012000
0,00000217600;-0,000000
0,00000217800;-0,000000
0,00000218000;-0,012000
0,00000218200;-0,012000
0,00000218400;-0,012000
0,00000218600;-0,012000
0,00000218800;-0,012000
0,00000219000;-0,012000
0,00000219200;-0,000000
0,00000219400;-0,000000
0,00000219600;-0,012000
0,00000219800;-0,012000
0,00000220000;-0,012000
0,00000220200;-0,012000
0,00000220400;-0,012000
0,00000220600;-0,012000
0,00000220800;-0,012000
0,00000221000;-0,012000
0,00000221200;-0,012000
0,00000221400;-0,012000
0,00000221600;-0,012000
0,00000221800;-0,012000
0,00000222000;-0,012000
0,00000222200;-0,012000
0,00000222400;-0,012000
0,00000222600;-0,012000
0,00000222800;-0,000000
0,00000223000;-0,000000
0,00000223200;-0,012000
0,00000223400;-0,012000
0,00000223600;0,012000
0,00000223800;0,012000
0,00000224000;-0,000000
0,00000224200;-0,000000
0,00000224400;-0,000000
0,00000224600;-0,000000
0,00000224800;-0,000000
0,00000225000;-0,000000
0,00000225200;-0,000000
0,00000225400;-0,000000
0,00000225600;-0,012000
0,00000225800;-0,012000
0,00000226000;-0,012000
0,00000226200;-0,012000
0,00000226400;-0,012000
0,00000226600;-0,012000
0,00000226800;-0,012000
0,00000227000;-0,012000
0,00000227200;-0,012000
0,00000227400;-0,012000
0,00000227600;-0,012000
0,00000227800;-0,012000
0,00000228000;-0,012000
0,00000228200;-0,012000
0,00000228400;-0,012000
0,00000228600;-0,012000
0,00000228800;-0,000000
0,00000229000;-0,000000
0,00000229200;-0,024000
0,00000229400;-0,024000
0,00000229600;-0,012000
0,00000229800;-0,012000
0,00000230000;-0,012000
0,00000230200;-0,012000
0,00000230400;-0,012000
0,00000230600;-0,012000
0,00000230800;-0,012000
0,00000231000;-0,012000
0,00000231200;-0,012000
0,00000231400;-0,012000
0,00000231600;-0,012000
0,00000231800;-0,012000
0,00000232000;-0,012000
0,00000232200;-0,012000
0,00000232400;-0,000000
0,00000232600;-0,000000
0,00000232800;-0,012000
0,00000233000;-0,012000
0,00000233200;-0,012000
0,00000233400;-0,012000
0,00000233600;-0,012000
0,00000233800;-0,012000
0,00000234000;-0,012000
0,00000234200;-0,012000
0,00000234400;-0,024000
0,00000234600;-0,024000
0,00000234800;-0,000000
0,00000235000;-0,000000
0,00000235200;-0,000000
0,00000235400;-0,000000
0,00000235600;-0,000000
0,00000235800;-0,000000
0,00000236000;-0,012000
0,00000236200;-0,012000
0,00000236400;-0,012000
0,00000236600;-0,012000
0,00000236800;-0,000000
0,00000237000;-0,000000
0,00000237200;-0,012000
0,00000237400;-0,012000
0,00000237600;-0,012000
0,00000237800;-0,012000
0,00000238000;-0,012000
0,00000238200;-0,012000
0,00000238400;-0,012000
0,00000238600;-0,012000
0,00000238800;-0,012000
0,00000239000;-0,012000
0,00000239200;-0,012000
0,00000239400;-0,012000
0,00000239600;-0,012000
0,00000239800;-0,012000
